34.06	760
35.57	660
35.92	796
37.34	540
37.83	784
37.98	560
38.09	616
38.26	748
38.31	728
38.40	740
38.50	612
38.70	672
38.74	620
38.86	788
39.05	756
39.16	628
39.42	624
39.43	772
39.46	604
39.67	564
39.85	744
39.87	548
39.91	556
39.93	732
40.01	652
40.20	20
40.21	716
40.26	544
40.62	600
40.69	668
40.69	768
40.70	656
40.75	804
40.78	800
40.95	780
41.13	636
41.18	692
41.23	80
41.23	592
41.27	552
41.28	704
41.33	16
41.35	696
41.39	588
41.40	8
41.43	596
41.54	676
41.59	648
41.64	688
41.65	572
41.69	644
41.79	576
41.84	764
41.91	608
42.01	640
42.18	88
42.28	792
42.49	700
42.73	776
42.97	580
42.97	736
43.01	684
43.10	12
43.26	720
43.37	584
43.82	568
43.82	712
44.22	724
44.42	680
44.82	664
44.90	808
44.96	708
45.21	752
46.10	632
47.30	148
47.53	144
49.05	140
51.00	92
59.50	152
61.11	306
61.34	470
62.14	474
63.19	450
63.33	168
63.36	466
63.73	278
64.10	8
64.52	290
64.73	310
64.75	36
65.10	20
65.13	378
65.28	390
65.42	382
65.74	482
66.71	346
66.73	334
66.88	526
67.51	326
67.54	342
67.89	298
68.11	302
68.15	204
68.31	442
68.38	40
68.75	294
69.52	538
69.80	374
69.82	502
70.73	350
71.04	274
71.12	362
71.84	370
71.93	24
71.95	498
71.99	534
72.16	402
72.20	28
72.25	4
72.41	318
72.72	490
72.77	494
72.99	314
73.16	338
73.40	462
73.48	32
73.55	286
73.65	212
73.67	358
73.71	398
73.93	354
74.05	16
74.28	458
74.33	282
74.43	330
74.75	12
74.77	522
75.55	446
75.74	486
75.91	454
76.00	366
76.18	506
76.62	518
77.91	478
78.69	530
78.93	386
79.18	204
79.58	394
79.81	514
79.87	270
80.68	322
84.45	0
84.63	212
87.88	510
98.50	1030
106.55	220
112.75	886
115.20	76
116.48	220
120.76	982
121.89	882
123.10	826
124.20	72
125.94	998
125.99	918
126.03	16
126.84	914
128.31	1006
128.40	108
128.73	822
129.21	1058
130.83	866
130.84	1010
130.99	922
131.70	172
131.80	196
132.95	1046
132.99	1026
133.38	838
133.58	56
133.61	894
133.67	1050
134.00	1014
134.73	112
135.10	990
135.53	216
136.08	204
136.27	946
136.48	236
137.49	858
138.63	870
138.66	906
139.00	200
139.58	48
140.01	1042
140.33	60
140.33	974
140.51	854
141.03	96
141.05	84
141.30	878
141.53	986
142.03	196
142.34	902
142.51	862
142.70	68
142.73	172
143.10	1062
143.20	8
143.53	232
144.13	188
144.58	92
144.70	934
145.76	1078
146.24	926
146.35	236
146.40	136
146.51	994
146.52	818
147.15	248
147.21	842
147.33	942
147.90	1018
147.95	978
148.03	1022
148.52	1066
149.08	970
149.83	810
150.43	184
150.58	200
150.70	212
151.18	224
152.07	850
152.10	240
152.50	176
152.80	1038
152.90	116
153.10	950
153.26	930
153.41	910
153.45	180
154.08	252
154.49	814
154.50	232
155.10	890
155.43	100
155.46	1054
155.55	40
155.88	216
155.95	208
156.23	188
156.67	938
156.68	120
156.78	80
157.28	830
158.20	236
158.55	248
158.68	140
158.70	1070
159.15	244
159.28	256
159.52	958
159.88	898
159.95	20
160.46	834
160.48	184
160.51	874
160.55	160
160.60	148
160.70	228
160.73	16
161.63	846
161.65	224
161.70	108
161.80	128
161.97	1074
162.31	966
163.45	192
163.80	240
164.66	1002
165.53	1034
165.90	252
166.18	180
166.90	232
167.35	208
168.80	224
169.95	244
34.70	701
35.33	709
35.98	737
36.09	677
36.23	637
37.42	733
37.50	557
37.68	765
37.89	725
38.07	597
38.10	161
38.29	641
38.31	757
38.35	793
38.60	781
38.97	729
39.06	605
39.41	697
39.45	761
39.58	97
39.61	665
39.69	645
39.70	573
39.76	629
39.85	749
39.91	585
39.97	553
40.01	561
40.06	681
40.11	693
40.20	721
40.36	777
40.44	541
40.57	625
40.68	621
40.73	717
40.75	577
40.78	745
40.79	689
40.92	805
41.08	753
41.09	773
41.50	769
41.52	609
41.59	713
41.73	705
41.87	801
41.88	157
41.99	809
42.04	581
42.05	589
42.18	593
42.52	601
42.65	741
42.66	661
42.71	617
43.06	565
43.08	669
43.22	785
43.39	613
43.44	569
43.48	653
43.66	789
43.82	685
43.85	545
44.30	153
44.75	633
44.76	649
45.14	549
46.51	657
46.92	797
47.42	673
61.89	335
64.19	351
64.40	65
64.67	295
64.94	519
65.05	515
65.78	25
66.19	399
66.42	539
66.45	395
66.68	81
66.68	471
67.17	315
67.30	459
67.35	523
67.47	391
67.66	359
68.07	323
68.37	343
68.62	379
68.66	287
68.76	451
69.34	499
69.36	367
70.09	307
70.19	275
70.21	495
70.23	475
70.80	5
70.88	17
71.10	145
71.14	507
71.19	447
71.57	491
72.14	271
72.18	531
72.21	319
72.33	535
72.36	383
72.63	463
72.67	327
72.96	347
73.07	363
73.28	1
73.29	279
73.86	455
73.93	9
74.73	311
75.08	511
75.11	375
75.34	387
75.52	303
75.63	355
75.74	503
76.74	331
77.45	339
77.54	291
77.66	467
78.03	33
78.12	299
78.23	205
78.40	225
78.49	403
78.53	443
78.64	371
79.10	21
79.35	29
79.91	527
80.57	479
80.86	283
81.60	13
82.41	487
83.02	483
89.13	205
89.30	225
90.95	213
101.43	213
105.25	927
110.45	117
116.29	963
118.23	967
118.35	843
119.29	895
121.30	153
121.50	157
122.45	85
122.80	823
122.83	819
125.54	959
125.72	1051
126.78	9
127.14	835
127.48	975
128.99	1047
133.28	995
133.72	811
133.97	943
134.48	237
134.65	241
135.43	871
135.47	1015
135.90	1023
136.00	991
137.18	863
137.18	955
137.22	1063
137.45	61
137.50	185
137.61	935
137.62	867
137.70	205
138.00	213
138.57	827
138.90	931
139.04	875
139.36	1055
139.45	57
140.79	1039
141.66	907
141.79	1031
141.80	65
141.90	1
142.20	883
142.58	121
143.39	1035
143.50	245
143.55	97
143.70	5
143.83	831
144.48	53
144.50	237
144.52	1071
144.54	887
144.73	971
144.85	181
145.20	241
145.30	253
145.53	225
145.90	859
145.90	815
145.93	221
146.56	987
148.73	847
149.50	1079
149.91	983
151.64	899
151.82	1011
152.29	951
152.38	37
152.53	911
152.60	217
152.73	839
153.10	89
153.14	999
153.17	979
153.24	915
153.67	1059
154.11	1003
154.35	245
154.79	939
154.80	101
155.58	1067
155.75	1007
155.93	181
156.00	201
156.30	221
156.30	253
156.45	851
156.85	193
157.40	225
157.93	105
157.95	173
158.58	903
159.30	855
159.35	947
159.43	109
159.78	185
159.90	41
159.98	129
160.08	233
160.15	81
160.58	93
160.73	229
160.98	197
161.25	161
161.83	13
163.95	217
164.83	177
165.30	245
166.80	1043
167.58	201
167.93	1027
168.01	1075
168.31	923
168.98	193
169.15	173
169.42	879
33.68	590
35.09	658
35.36	554
35.93	742
36.38	50
36.54	710
37.02	638
37.06	662
37.12	626
37.20	770
37.27	570
37.55	642
37.60	14
37.87	766
38.16	594
38.49	738
38.52	610
38.90	678
38.93	666
38.98	758
39.09	606
39.13	794
39.14	586
39.16	778
39.27	566
39.29	798
39.40	622
39.40	698
39.48	702
39.58	542
39.62	546
39.75	558
39.79	746
39.91	786
39.92	602
39.95	98
40.01	802
40.09	790
40.40	730
40.48	718
40.68	750
40.74	686
40.97	550
41.05	70
41.09	682
41.10	694
41.13	562
41.38	26
41.58	630
41.71	806
41.85	774
41.98	614
42.10	726
42.16	650
42.31	578
42.63	574
42.68	158
42.75	722
42.81	690
42.85	154
42.94	618
43.10	762
43.47	674
43.47	646
43.56	582
43.65	714
44.22	734
44.43	634
44.62	782
44.65	654
44.75	150
44.95	754
45.28	146
45.48	706
46.29	598
46.75	670
49.98	58
61.86	272
62.54	324
63.10	2
63.95	348
64.16	344
64.99	376
65.50	364
66.22	488
66.33	78
66.81	400
67.32	352
67.72	396
67.80	276
67.93	476
68.05	504
68.50	508
68.77	520
68.98	6
69.27	440
69.36	452
69.36	464
69.80	500
69.87	332
70.20	392
70.26	388
70.77	480
70.82	512
71.06	380
71.82	532
72.38	448
72.38	372
72.42	496
72.49	468
72.87	472
72.94	360
72.96	316
73.01	284
73.02	492
73.03	308
73.07	300
73.38	528
73.41	292
73.50	404
73.53	336
73.71	384
73.76	356
73.93	22
74.03	456
74.10	14
74.13	460
74.55	30
74.95	288
75.03	516
75.08	304
75.23	524
75.73	18
75.75	368
76.12	536
77.03	296
77.52	312
77.78	26
77.93	280
79.30	234
79.38	484
79.45	340
79.55	444
80.69	328
80.98	34
81.25	320
81.43	10
88.25	214
90.25	234
98.78	214
104.50	134
104.67	816
110.45	976
116.60	888
117.25	844
118.30	78
120.48	812
121.71	1056
127.23	246
128.68	1068
128.95	1004
129.27	996
130.67	924
131.45	194
132.23	964
133.00	1048
133.79	904
134.59	1076
134.77	980
134.78	186
135.09	988
135.41	1008
135.50	154
136.79	1000
137.16	896
137.95	246
138.30	848
139.15	932
139.20	86
139.36	944
139.52	864
139.74	928
140.26	956
140.50	840
141.23	38
141.55	832
142.61	972
142.68	118
142.80	952
143.07	968
143.29	1024
143.68	22
143.78	238
144.05	66
144.24	824
144.38	912
144.73	1060
144.78	58
144.80	122
144.80	186
145.15	214
145.35	146
145.41	1036
145.65	948
145.71	880
146.07	916
146.20	198
147.08	158
147.63	190
147.86	1040
147.89	900
148.03	226
148.18	206
148.98	960
149.31	860
149.68	936
150.30	90
150.42	828
150.45	106
151.01	908
153.13	98
153.88	1044
154.30	892
154.97	1016
155.05	920
155.05	238
156.15	1064
156.45	234
156.60	82
156.83	856
157.09	992
157.15	198
157.33	110
157.44	820
157.53	214
157.78	872
158.03	206
158.48	190
158.50	226
158.65	868
158.68	230
159.29	984
159.98	836
160.10	62
160.46	1072
160.70	58
160.75	46
160.88	222
161.00	26
161.08	154
161.48	242
161.90	202
162.03	1052
162.23	266
162.58	182
162.85	254
163.13	218
163.43	884
165.48	852
165.82	1032
166.11	940
166.68	174
167.18	258
167.76	1020
169.20	226
169.28	74
169.63	222
169.90	234
33.11	567
35.45	27
35.72	727
36.22	543
36.75	639
36.89	635
37.37	711
37.57	759
37.59	651
37.67	735
37.70	659
37.81	683
38.05	655
38.05	603
38.25	587
38.51	579
38.56	599
38.66	559
38.75	631
38.79	707
38.85	643
38.88	799
39.13	771
39.15	619
39.24	679
39.27	551
39.38	99
39.42	555
39.46	739
39.48	703
39.65	755
39.85	19
39.87	575
39.91	695
40.05	583
40.09	627
40.10	795
40.12	663
40.15	671
40.20	143
40.21	547
40.25	767
40.42	787
40.48	743
40.57	607
40.60	15
40.70	747
40.71	687
40.71	595
40.77	791
40.94	803
40.95	623
41.22	611
41.29	699
41.38	59
41.39	723
41.45	719
41.49	691
41.58	11
41.65	79
41.67	783
41.69	751
41.79	615
41.94	667
42.21	647
42.37	571
42.45	147
42.49	775
42.50	91
43.00	779
43.03	563
43.80	151
43.99	731
44.00	155
44.39	763
44.63	715
44.67	591
44.69	675
46.82	807
51.38	51
63.05	393
63.26	313
64.14	461
65.00	365
65.33	325
65.51	277
66.74	317
66.79	489
66.79	485
66.83	7
67.41	285
67.72	353
67.80	15
67.83	289
68.19	377
68.23	19
68.55	505
69.23	373
69.38	159
69.76	441
69.94	501
70.03	281
70.07	381
70.18	453
70.68	11
70.83	525
71.29	481
71.30	361
71.49	369
71.50	301
71.88	341
71.93	397
71.94	329
72.01	521
72.04	357
72.15	497
72.35	465
72.48	473
72.52	401
72.54	337
72.84	385
72.91	333
72.93	309
73.18	537
73.29	349
73.53	215
74.04	517
74.78	305
74.94	509
74.96	533
74.98	529
75.05	445
75.49	293
75.52	457
76.20	23
76.24	513
76.49	477
77.32	469
77.55	297
77.97	321
78.12	449
78.85	163
78.90	27
80.59	345
80.67	273
80.82	493
84.48	215
86.48	167
87.93	389
91.18	3
104.08	853
112.98	1025
115.00	215
119.03	845
120.22	1057
125.11	917
126.81	829
127.50	961
127.73	107
128.01	1005
129.15	247
130.29	1017
130.34	857
130.53	957
130.73	195
131.00	151
131.17	885
131.86	969
132.59	1037
132.84	1001
133.13	47
133.58	147
134.28	75
134.48	207
135.54	817
136.30	941
136.80	227
137.85	877
138.07	977
138.36	1049
138.40	191
139.50	67
139.73	1053
140.20	247
140.93	965
141.10	973
141.17	1069
141.52	1045
141.53	933
141.81	869
141.83	1029
141.98	945
142.32	985
142.79	1013
142.98	841
143.10	997
143.38	59
143.53	7
143.63	11
143.70	881
143.73	15
143.93	243
144.00	953
144.18	235
144.43	207
144.61	821
144.64	949
144.90	203
145.13	925
146.08	155
146.38	993
146.68	227
147.08	143
149.89	913
149.95	1041
150.26	861
150.40	873
150.50	175
150.65	183
151.32	921
151.48	825
151.86	897
151.89	937
152.10	187
152.48	813
152.82	893
153.20	51
153.97	1065
154.20	111
154.38	103
154.49	889
154.70	243
154.75	63
155.31	929
155.35	235
155.48	231
155.48	1009
156.10	83
156.18	203
156.38	1073
156.68	99
157.20	833
157.26	905
157.59	1061
157.62	981
157.65	79
157.87	1033
158.18	119
158.53	127
158.88	1021
159.15	91
159.68	909
159.80	23
159.80	219
159.80	227
159.90	223
160.35	151
160.70	183
160.83	95
160.95	175
161.03	19
161.83	255
162.60	211
164.08	849
164.22	901
164.93	837
165.85	235
165.93	239
166.81	989
167.03	231
167.73	203
168.60	39
